AL
{
    transport
    {
        muCoeffs<8>       (6.67404e-05 -1.90906e-07 2.93187e-10 -2.17413e-13 9.32506e-17 -2.30138e-20 3.02614e-24 -1.64031e-28 );
        kappaCoeffs<8>    (1.01705e+00 -2.97271e-03 3.86258e-06 -2.73460e-09 1.13099e-12 -2.71357e-16 3.49197e-20 -1.86151e-24 );
        oneOverKappaCoeffs<8>    (1.92744e+01 -1.08323e-01 2.39102e-04 -2.05630e-07 8.93988e-11 -2.10791e-14 2.57904e-18 -1.28598e-22 );
    }
}
ALO
{
    transport
    {
        muCoeffs<8>       (-1.53884e-05 9.01062e-08 -4.68475e-11 2.17112e-14 -6.66958e-18 1.26999e-21 -1.35298e-25 6.15060e-30 );
        kappaCoeffs<8>    (3.08303e+00 -9.03740e-03 1.17060e-05 -8.28510e-09 3.42490e-12 -8.21461e-16 1.05686e-19 -5.63304e-24 );
        oneOverKappaCoeffs<8>    (7.99319e+00 -4.19513e-02 8.22408e-05 -6.00677e-08 2.11910e-11 -3.78024e-15 3.07638e-19 -7.33666e-24 );
    }
}
ALO2
{
    transport
    {
        muCoeffs<8>       (-1.65883e-05 9.71318e-08 -5.05002e-11 2.34040e-14 -7.18961e-18 1.36901e-21 -1.45847e-25 6.63016e-30 );
        kappaCoeffs<8>    (-7.02908e-01 2.08009e-03 -2.54068e-06 1.77072e-09 -7.26808e-13 1.73648e-16 -2.22870e-20 1.18595e-24 );
        oneOverKappaCoeffs<8>    (8.77204e+02 -4.22307e+00 6.70999e-03 -5.11186e-06 2.11773e-09 -4.89566e-13 5.94056e-17 -2.94994e-21 );
    }
}
AL2O
{
    transport
    {
        muCoeffs<8>       (-1.51283e-05 8.85828e-08 -4.60555e-11 2.13441e-14 -6.55682e-18 1.24852e-21 -1.33011e-25 6.04661e-30 );
        kappaCoeffs<8>    (-3.61876e-01 1.08760e-03 -1.30616e-06 9.07905e-10 -3.72359e-13 8.89312e-17 -1.14116e-20 6.07163e-25 );
        oneOverKappaCoeffs<8>    (1.42330e+02 -1.08061e+00 2.48745e-03 -2.51470e-06 1.31319e-09 -3.70195e-13 5.35317e-17 -3.11489e-21 );
    }
}
AL2O2
{
    transport
    {
        muCoeffs<8>       (-1.67690e-05 9.81904e-08 -5.10506e-11 2.36591e-14 -7.26797e-18 1.38393e-21 -1.47437e-25 6.70242e-30 );
        kappaCoeffs<8>    (-6.30361e-01 1.86403e-03 -2.26814e-06 1.58023e-09 -6.48699e-13 1.55004e-16 -1.98959e-20 1.05878e-24 );
        oneOverKappaCoeffs<8>    (2.46912e+02 -1.45731e+00 2.88696e-03 -2.66710e-06 1.31061e-09 -3.53487e-13 4.94165e-17 -2.79947e-21 );
    }
}
AL2O3
{
    transport
    {
        muCoeffs<8>       (-1.82630e-05 1.06938e-07 -5.55987e-11 2.57669e-14 -7.91548e-18 1.50723e-21 -1.60572e-25 7.29955e-30 );
        kappaCoeffs<8>    (-7.29699e-01 2.16022e-03 -2.62683e-06 1.82998e-09 -7.51200e-13 1.79494e-16 -2.30391e-20 1.22604e-24 );
        oneOverKappaCoeffs<8>    (4.78328e+02 -2.47324e+00 4.29783e-03 -3.58097e-06 1.61972e-09 -4.08062e-13 5.38728e-17 -2.90650e-21 );
    }
}
AL2O3(L)
{
    transport
    {
        muCoeffs<8>       (-1.82630e-05 1.06938e-07 -5.55987e-11 2.57669e-14 -7.91548e-18 1.50723e-21 -1.60572e-25 7.29955e-30 );
        kappaCoeffs<8>    (-9.77813e-02 4.38861e-04 -3.83813e-07 2.49216e-10 -9.93466e-14 2.33710e-17 -2.97130e-21 1.57112e-25 );
        oneOverKappaCoeffs<8>    (5.07535e+02 -2.12298e+00 3.48687e-03 -2.90697e-06 1.34486e-09 -3.49398e-13 4.76764e-17 -2.65759e-21 );
    }
}
AL(L)
{
    transport
    {
        muCoeffs<8>       (6.67404e-05 -1.90906e-07 2.93187e-10 -2.17413e-13 9.32506e-17 -2.30138e-20 3.02614e-24 -1.64031e-28 );
        kappaCoeffs<8>    (1.41097e-01 -3.62004e-04 4.99286e-07 -3.44576e-10 1.40304e-13 -3.33527e-17 4.26643e-21 -2.26498e-25 );
        oneOverKappaCoeffs<8>    (-1.32009e+01 1.32871e-01 -1.77044e-04 1.11616e-07 -3.91862e-11 7.84769e-15 -8.38388e-19 3.70501e-23 );
    }
}
O
{
    transport
    {
        muCoeffs<8>       (9.24204e-06 4.53079e-08 -1.61309e-11 7.45463e-15 -2.49521e-18 5.28788e-22 -6.27538e-26 3.16084e-30 );
        kappaCoeffs<8>    (-4.71364e-01 1.50809e-03 -1.84064e-06 1.28731e-09 -5.29252e-13 1.26563e-16 -1.62530e-20 8.65196e-25 );
        oneOverKappaCoeffs<8>    (-8.54214e+02 4.34923e+00 -7.52910e-03 6.33947e-06 -2.91496e-09 7.48070e-13 -1.00626e-16 5.52812e-21 );
    }
}
O2
{
    transport
    {
        muCoeffs<8>       (1.00977e-05 4.95028e-08 -1.76244e-11 8.14483e-15 -2.72623e-18 5.77746e-22 -6.85639e-26 3.45349e-30 );
        kappaCoeffs<8>    (-4.49685e-01 1.41046e-03 -1.73397e-06 1.22106e-09 -5.03943e-13 1.20778e-16 -1.55320e-20 8.27619e-25 );
        oneOverKappaCoeffs<8>    (8.19300e+02 -4.53446e+00 8.41627e-03 -7.44903e-06 3.55543e-09 -9.39320e-13 1.29326e-16 -7.24170e-21 );
    }
}
N2
{
    transport
    {
        muCoeffs<8>       (-9.57293e-06 5.60539e-08 -2.91432e-11 1.35062e-14 -4.14906e-18 7.90044e-22 -8.41671e-26 3.82621e-30 );
        kappaCoeffs<8>    (-5.94145e-01 1.70237e-03 -2.06426e-06 1.43315e-09 -5.87167e-13 1.40142e-16 -1.79750e-20 9.56079e-25 );
        oneOverKappaCoeffs<8>    (4.40784e+02 -2.14213e+00 3.41210e-03 -2.57283e-06 1.04609e-09 -2.35830e-13 2.77523e-17 -1.32934e-21 );
    }
}
H
{
    transport
    {
        muCoeffs<8>       (2.15019e-06 2.05947e-08 -1.07761e-11 6.12210e-15 -2.30570e-18 5.26116e-22 -6.56457e-26 3.42768e-30 );
        kappaCoeffs<8>    (6.57089e-02 6.39613e-04 -3.36855e-07 1.91963e-10 -7.24190e-14 1.65417e-17 -2.06539e-21 1.07896e-25 );
        oneOverKappaCoeffs<8>    (7.49900e+00 -1.54599e-02 1.89433e-05 -1.34082e-08 5.58923e-12 -1.35149e-15 1.75029e-19 -9.37781e-24 );
    }
}
